30496,
29129,
9437,
4301,
11104,
18498,
32587,
15465,
23024,
19770,
459,
13528,
25497,
19503,
27706,
22653,
30439,
21435,
3603,
7932,
14174,
27244,
13401,
22618,
22003,
32185,
21502,
4091,
23636,
18866,
23348,
16805,
643,
1398,
28145,
31946,
23723,
9862,
13568,
19566,
19695,
30856,
21574,
27858,
22974,
1376,
10905,
12471,
10772,
21594,
17505,
24292,
32420,
13510,
3047,
21819,
12734,
25638,
4918,
19313,
16486,
29595,
2965,
779,
23353,
7202,
17582,
21066,
7606,
10924,
7766,
26635,
31495,
11218,
31572,
17221,
5760,
1339,
10332,
14238,
10709,
7162,
21465,
31192,
13894,
32268,
29079,
28112,
14980,
28554,
7483,
20385,
1884,
1118,
17448,
32225,
5471,
2133,
31625,
3035,
21355,
24308,
31668,
13942,
16393,
2593,
19558,
21988,
22768,
4534,
32694,
23603,
25568,
23519,
12256,
2210,
18575,
26276,
8407,
12685,
20428,
18856,
7908,
32114,
25059,
6704,
15193,
10174,
7322,
20486,
17423,
20607,
19822,
4039,
32738,
6289,
2030,
32321,
22826,
22004,
20224,
8486,
22574,
7855,
17734,
32766,
4816,
6686,
8450,
23028,
11172,
2292,
29964,
879,
1179,
6717,
31574,
32314,
6093,
18981,
3339,
6380,
6774,
9455,
31652,
27257,
21915,
14146,
10850,
3738,
8370,
10487,
17931,
23562,
18527,
5366,
17419,
16098,
23690,
27057,
6972,
16813,
26861,
25619,
12161,
21189,
2730,
13168,
8929,
31071,
29701,
7834,
11448,
10527,
29981,
8543,
18493,
17610,
28858,
20325,
25446,
1175,
24535,
25060,
3561,
6842,
17150,
31993,
16365,
6822,
25130,
22416,
17901,
2774,
20289,
11868,
15523,
8955,
13376,
21045,
21538,
1205,
13841,
12181,
11430,
23394,
28773,
15574,
25555,
27923,
17468,
8906,
2635,
26506,
13726,
3829,
18715,
18716,
21630,
6054,
7923,
2530,
24076,
4141,
6828,
22520,
17159,
11845,
17352,
23954,
9427,
3061,
28737,
21307,
28328,
29274,
32611,
13071,
22423,
17222,
12145,
8426,
18822,
32626,
5157,
15386,
26565,
9032,
31286,
16640,
16276,
2841,
10407,
7301,
31998,
2304,
4401,
15637,
28679,
24093,
30367,
2011,
10716,
6403,
26887,
23160,
687,
16683,
11185,
9789,
18859,
1312,
14487,
12054,
12297,
8074,
27599,
31964,
11812,
25173,
26613,
6367,
12395,
15141,
10825,
24287,
803,
18576,
20256,
10567,
3845,
17344,
23229,
75,
26310,
6356,
8042,
20882,
30204,
10667,
29727,
29809,
19785,
12644,
12948,
18752,
11230,
2825,
23981,
10010,
14485,
2724,
30740,
32443,
25022,
2686,
22820,
17442,
10000,
27324,
29069,
8623,
20589,
29755,
10363,
30337,
7461,
25434,
18976,
12821,
7704,
10483,
8978,
32388,
11484,
12232,
8568,
19883,
16553,
7617,
25166,
29983,
2051,
30766,
1536,
16200,
2540,
32027,
8259,
22008,
21042,
31154,
26748,
18605,
25908,
30712,
18219,
1885,
28450,
14149,
7365,
10184,
18787,
20805,
13822,
726,
3475,
4700,
14437,
25676,
26807,
15936,
25415,
3779,
5946,
27969,
27554,
3317,
31558,
3265,
20585,
18787,
17198,
31952,
1367,
5618,
20023,
20307,
16327,
20207,
28986,
18804,
4987,
27627,
23862,
29015,
18248,
7707,
20049,
25081,
27452,
19967,
32189,
11257,
18474,
21490,
29184,
20951,
14150,
30824,
8518,
3123,
20437,
16175,
4908,
7784,
23463,
16824,
18157,
20433,
25000,
20819,
5485,
11545,
19264,
9040,
13833,
3927,
14135,
4270,
29273,
19134,
28624,
20021,
26307,
20280,
3062,
3006,
16637,
25389,
3648,
4644,
10818,
22430,
19323,
25929,
12294,
28640,
7723,
18089,
26535,
10757,
24149,
21516,
11732,
19094,
4356,
27802,
21761,
21851,
9382,
5668,
496,
32378,
13150,
12557,
28953,
15243,
11411,
15968,
12979,
14109,
18123,
16716,
23155,
4575,
14846,
28731,
32593,
3795,
22147,
14179,
18505,
11355,
15683,
26048,
4358,
5144,
22073,
26598,
14807,
27078,
16708,
8365,
14892,
13493,
14355,
28318,
11258,
23464,
5897,
3154,
10385,
13677,
4161,
29156,
19444,
13847,
1195,
16548,
20759,
16306,
24194,
21120,
1990,
10967,
32335,
5930,
23122,
5808,
26207,
25557,
23531,
1349,
29740,
14884,
13081,
31007,
30819,
24331,
32271,
215,
17856,
15917,
21778,
19888,
2161,
13501,
13677,
21054,
4410,
20861,
16723,
31767,
15177,
26185,
654,
15597,
20842,
17847,
547,
17210,
9136,
31744,
7162,
1433,
12927,
31362,
20416,
6981,
7384,
19953,
13519,
10766,
4019,
6910,
21661,
21735,
21125,
6171,
11936,
31457,
8727,
23663,
1991,
362,
21520,
2720,
21898,
5213,
12050,
824,
1193,
7570,
7044,
22646,
25183,
27973,
24883,
9560,
11586,
10407,
15742,
9713,
10846,
8106,
9738,
17930,
2790,
28686,
7634,
16809,
27006,
5672,
26345,
25072,
6314,
10149,
16953,
28215,
19309,
27375,
9699,
18959,
15921,
13592,
31089,
29965,
8666,
29744,
29767,
13709,
31275,
5086,
10861,
1930,
12592,
4088,
23877,
24175,
22961,
13252,
29243,
5900,
9944,
27570,
8054,
23967,
25419,
29025,
26131,
19405,
28923,
24587,
2193,
3733,
20493,
27445,
6670,
4265,
31173,
14360,
18151,
3997,
32732,
8687,
17919,
15447,
5907,
8756,
24950,
10340,
4462,
21299,
15857,
24127,
18842,
7695,
6460,
19148,
23276,
27003,
23596,
15810,
1371,
3379,
9570,
1052,
15635,
10704,
3682,
13330,
7675,
22982,
21535,
5096,
4926,
24459,
3926,
15581,
7141,
25022,
30495,
27093,
15815,
31737,
20167,
161,
4309,
25956,
29101,
29620,
15166,
5770,
18177,
3206,
23767,
28373,
10115,
31808,
5857,
18603,
2270,
9862,
4666,
26658,
22645,
261,
29837,
29603,
4937,
13792,
21049,
11997,
17243,
10652,
31711,
23975,
8578,
13892,
520,
7766,
24454,
28059,
18552,
30279,
27326,
24917,
11416,
25007,
7246,
1987,
9479,
483,
25485,
9351,
24541,
25262,
8671,
10744,
29566,
28557,
32045,
16706,
767,
7665,
25895,
24340,
26983,
12937,
242,
10125,
7378,
22891,
1532,
11584,
25729,
1378,
15239,
14526,
21416,
12044,
4458,
30077,
19407,
29363,
20348,
17512,
11320,
14920,
2721,
28770,
7752,
13671,
21300,
15605,
9711,
11922,
6037,
11428,
7588,
10922,
19651,
11193,
4407,
24137,
3197,
1830,
28045,
8482,
8961,
7134,
22719,
12212,
7602,
19519,
20652,
12527,
12953,
30652,
7526,
22528,
9306,
26416,
1316,
4420,
24796,
25727,
29000,
12897,
4967,
32031,
11884,
28600,
23256,
11907,
13651,
8429,
30541,
18943,
8072,
26456,
25380,
30572,
1677,
4871,
15467,
7590,
7944,
4395,
31753,
26646,
15810,
18256,
14232,
22035,
14061,
637,
26388,
30336,
14062,
22519,
24115,
1817,
27180,
24910,
501,
15509,
6757,
3480,
1261,
1099,
17944,
12149,
22097,
8393,
9255,
995,
22599,
18046,
18462,
26580,
2150,
676,
16347,
24998,
6606,
32248,
25673,
19485,
15673,
14172,
2039,
20923,
1707,
19694,
4468,
32163,
21573,
9361,
7250,
2195,
3635,
18666,
3131,
31258,
22011,
14468,
29399,
15930,
16136,
6441,
22222,
23588,
25872,
30889,
22029,
6580,
11779,
15407,
31765,
26330,
7528,
30281,
16266,
7533,
31502,
6680,
19436,
26990,
4366,
24874,
16937,
1040,
10944,
6097,
31237,
18714,
8107,
16489,
2507,
11515,
27308,
6312,
10409,
18769,
17193,
4265,
2172,
30327,
26054,
14015,
4845,
16374,
20172,
3117,
4366,
23231,
28599,
23724,
12616,
7780,
4220,
23085,
16022,
7732,
23864,
14661,
20959,
10754,
27601,
9084,
12109,
13632,
16234,
28120,
19241,
15573,
32309,
32703,
26951,
11723,
30251,
26862,
6348,
10440,
1190,
32279,
23661,
19071,
21329,
29314,
26949,
6395,
20235,
17457,
27410,
21367,
15068,
3088,
28905,
19887,
3384,
4898,
30729,
3059,
23141,
12435,
8624,
11045,
1406,
3250,
23400,
14046